A C D E F G H I K L M N P Q R S T V W Y . -
A 0.322860152 0.011375037 -0.015623918 -0.002599527 -0.050879219 0.038267927 -0.08325393 -0.00196691 -0.010372964 -0.042393907 -0.06510424 -0.085370493 0.075740963 -0.048315151 -0.013643141 0.038455042 0.052037609 0.081101427 -0.125564719 -0.074750039 0 0
C 0.011375037 0.10068027 0.010295103 0.014757034 0.034578583 0.009334636 -0.007501016 0.004760072 -0.045923794 -0.018299826 -0.015597111 0.002112848 -0.008607708 -0.030990343 -0.048256244 -0.021796516 -0.022732274 -0.015427657 0.041232589 0.006006317 0 0
D -0.015623918 0.010295103 0.157208255 0.072427974 -0.018954554 -0.008703899 -0.018018811 -0.028346797 -0.063424007 -0.027997946 -0.024119229 0.019431037 0.042784079 0.000437307 -0.059126857 -0.01046605 0.006561013 -0.019356089 0.004150979 -0.019157592 0 0
E -0.002599527 0.014757034 0.072427974 0.131775169 -0.0051906 -0.005478055 -0.033560082 -0.013541782 -0.069471604 0.003538005 -0.01716671 0.005340554 0.022589834 0.028140497 -0.069740241 -0.017236451 -0.00548305 -0.008062695 -0.007919551 -0.023118717 0 0
F -0.050879219 0.034578583 -0.018954554 -0.0051906 0.259179997 -0.004451318 -0.006397435 0.062871703 -0.049227254 0.048866638 0.031535357 -0.022359303 -0.091973252 -0.093018976 -0.062629795 -0.086841523 -0.077729239 -0.015794521 0.062595749 0.085818962 0 0
G 0.038267927 0.009334636 -0.008703899 -0.005478055 -0.004451318 0.122499934 -0.025558278 -0.020702722 -0.013731676 -0.032642467 -0.02642151 -0.004037521 0.009435266 0.00425299 -0.023228011 0.030431273 0.008618536 -0.012721707 -0.024653915 -0.020509486 0 0
H -0.08325393 -0.007501016 -0.018018811 -0.033560082 -0.006397435 -0.025558278 0.207657766 -0.088850507 0.076144705 -0.035172701 -0.000760394 0.035390362 -0.068208705 -0.008864541 0.109052663 0.009381794 -0.023412231 -0.087018877 0.012362284 0.036587934 0 0
I -0.00196691 0.004760072 -0.028346797 -0.013541782 0.062871703 -0.020702722 -0.088850507 0.277731878 -0.038164203 0.088611294 0.055129344 -0.059369418 -0.039207153 -0.062688381 -0.110160439 -0.06180785 -0.033923381 0.091300054 0.001384886 -0.023059689 0 0
K -0.010372964 -0.045923794 -0.063424007 -0.069471604 -0.049227254 -0.013731676 0.076144705 -0.038164203 0.273355694 -0.017728266 -0.008173008 -0.033985486 -0.048401632 -0.033160364 0.215165486 0.004767313 -0.03313186 -0.040036778 -0.059852255 -0.004648046 0 0
L -0.042393907 -0.018299826 -0.027997946 0.003538005 0.048866638 -0.032642467 -0.035172701 0.088611294 -0.017728266 0.162738322 0.075052887 -0.011166642 -0.051023846 -0.001340018 -0.074934598 -0.058495636 -0.031311529 0.044967881 -0.007545673 -0.01372197 0 0
M -0.06510424 -0.015597111 -0.024119229 -0.01716671 0.031535357 -0.02642151 -0.000760394 0.055129344 -0.008173008 0.075052887 0.156957428 0.007538298 -0.091647674 0.001901985 -0.025701854 -0.029534922 -0.045482008 -0.012031089 0.021004129 0.01262032 0 0
N -0.085370493 0.002112848 0.019431037 0.005340554 -0.022359303 -0.004037521 0.035390362 -0.059369418 -0.033985486 -0.011166642 0.007538298 0.151487424 -0.01060779 0.041396518 -0.0338328 0.017082029 -0.002951742 -0.043680794 0.029640981 -0.002058063 0 0
P 0.075740963 -0.008607708 0.042784079 0.022589834 -0.091973252 0.009435266 -0.068208705 -0.039207153 -0.048401632 -0.051023846 -0.091647674 -0.01060779 0.354629508 0.04814979 -0.037714236 -0.006871731 0.019918111 0.022529424 -0.052506972 -0.089006276 0 0
Q -0.048315151 -0.030990343 0.000437307 0.028140497 -0.093018976 0.00425299 -0.008864541 -0.062688381 -0.033160364 -0.001340018 0.001901985 0.041396518 0.04814979 0.177175172 0.007156303 0.035724193 0.027467612 -0.0327808 -0.011897234 -0.04874656 0 0
R -0.013643141 -0.048256244 -0.059126857 -0.069740241 -0.062629795 -0.023228011 0.109052663 -0.110160439 0.215165486 -0.074934598 -0.025701854 -0.0338328 -0.037714236 0.007156303 0.38902219 0.020428837 -0.040866833 -0.093498956 -0.055762761 0.008271285 0 0
S 0.038455042 -0.021796516 -0.01046605 -0.017236451 -0.086841523 0.030431273 0.009381794 -0.06180785 0.004767313 -0.058495636 -0.029534922 0.017082029 -0.006871731 0.035724193 0.020428837 0.16157384 0.083926189 -0.008162411 -0.04443348 -0.056123939 0 0
T 0.052037609 -0.022732274 0.006561013 -0.00548305 -0.077729239 0.008618536 -0.023412231 -0.033923381 -0.03313186 -0.031311529 -0.045482008 -0.002951742 0.019918111 0.027467612 -0.040866833 0.083926189 0.14252586 0.049324494 -0.026492893 -0.046862382 0 0
V 0.081101427 -0.015427657 -0.019356089 -0.008062695 -0.015794521 -0.012721707 -0.087018877 0.091300054 -0.040036778 0.044967881 -0.012031089 -0.043680794 0.022529424 -0.0327808 -0.093498956 -0.008162411 0.049324494 0.172778293 -0.028944575 -0.044484624 0 0
W -0.125564719 0.041232589 0.004150979 -0.007919551 0.062595749 -0.024653915 0.012362284 0.001384886 -0.059852255 -0.007545673 0.021004129 0.029640981 -0.052506972 -0.011897234 -0.055762761 -0.04443348 -0.026492893 -0.028944575 0.194048087 0.079154344 0 0
Y -0.074750039 0.006006317 -0.019157592 -0.023118717 0.085818962 -0.020509486 0.036587934 -0.023059689 -0.004648046 -0.01372197 0.01262032 -0.002058063 -0.089006276 -0.04874656 0.008271285 -0.056123939 -0.046862382 -0.044484624 0.079154344 0.237788222 0 0
. 0 0 0 0 0 0 0 0 0 0 0 0 0 0 0 0 0 0 0 0 1 0
- 0 0 0 0 0 0 0 0 0 0 0 0 0 0 0 0 0 0 0 0 0 1
